
 94120 YPDN Darwin Airport Observations at 12Z 02 Feb 2012                                           

 Turbine hub height AGL (m): 120.00
 Turbine blade radius (r)  :  60.00

    H(m)        S(m/s) 
-----------------------
    30.0          4.1
    36.0          4.1
   116.0          4.6
   407.0          6.7
   454.0          7.2
   472.0          7.2
   556.0          7.7
   726.0          6.7
   841.0          5.1
   850.0          5.1

  height AGL (m)  wind speed (m/s)  rho (kg/m^3)  chord_len (m)   delpower (W)

   177.000            5.090            1.1957         37.47          168350.55
   171.000            5.059            1.1965         63.21          249778.88
   165.000            5.029            1.1974         79.37          271972.78
   159.000            4.999            1.1982         91.19          266125.69
   153.000            4.968            1.1991        100.22          243168.17
   147.000            4.938            1.1999        107.16          209014.19
   141.000            4.908            1.2007        112.41          167519.83
   135.000            4.877            1.2016        116.19          121486.23
   129.000            4.847            1.2024        118.64           73101.73
   123.000            4.817            1.2033        119.85           24172.97
   117.000            4.786            1.2041        119.85           23735.80
   111.000            4.756            1.2050        118.64           69206.75
   105.000            4.726            1.2058        116.19          110890.16
    99.000            4.695            1.2067        112.41          147425.94
    93.000            4.665            1.2075        107.16          177345.61
    87.000            4.635            1.2084        100.22          198921.98
    81.000            4.448            1.2092         91.19          189200.14
    75.000            4.421            1.2100         79.37          186753.95
    69.000            4.395            1.2109         63.21          165657.17
    63.000            4.368            1.2117         37.47          107839.59

 power =      3171668.25 Watts
 power =      3171.67 kWatts
 power =      3.17 MegaWatts

