94120 YPDN Darwin Airport Observations at 12Z 02 Feb 2012
-----------------------------------------------------------------------------
   PRES   HGHT   TEMP   DWPT   RELH   MIXR   DRCT   SKNT   THTA   THTE   THTV
    hPa     m      C      C      %    g/kg    deg   knot     K      K      K 
-----------------------------------------------------------------------------
 1001.0     30   26.8   23.6     83  18.72    305      8  299.9  354.9  303.2
 1000.0     36   27.0   23.7     82  18.86    305      8  300.1  355.7  303.5
  991.0    116   27.2   22.9     77  18.11    297      9  301.1  354.6  304.4
  959.0    407   25.3   24.1     93  20.19    270     13  302.0  362.0  305.7
  954.0    454   25.0   24.3     96  20.54    268     14  302.2  363.3  305.9
  952.0    472   25.0   24.5     97  20.84    268     14  302.4  364.4  306.1
  943.0    556   24.7   23.7     94  20.08    265     15  302.9  362.8  306.6
  925.0    726   24.2   22.2     89  18.60    260     13  304.1  359.7  307.4
  913.0    841   24.0   20.4     80  16.83    260     10  305.0  355.5  308.1
  912.0    850   24.0   20.2     79  16.60    260     10  305.1  355.0  308.1
  896.0   1005   24.4   16.4     61  13.27    295      7  307.0  347.3  309.5
  867.0   1292   22.9   11.8     49  10.11      0      0  308.4  339.4  310.2
  850.0   1464   22.0    9.0     43   8.54     55      3  309.2  335.6  310.8
  822.0   1754   19.4    9.4     52   9.08     97      5  309.4  337.5  311.1
  816.0   1817   19.8    2.8     32   5.77    106      6  310.5  328.7  311.6
  777.0   2236   17.2   -6.8     19   2.97    167     10  312.1  321.8  312.6
  772.0   2291   16.7   -4.0     24   3.70    175     10  312.1  324.1  312.8
  756.0   2469   15.0    5.0     51   7.28    178     11  312.1  335.0  313.5
  712.0   2973   11.9   -8.2     24   2.90    185     12  314.1  323.7  314.6
  700.0   3116   11.0  -12.0     19   2.19    200     13  314.6  322.0  315.1
  676.0   3406    9.6  -30.4      4   0.45    213     16  316.2  317.9  316.3
  662.0   3580    8.5  -28.7      5   0.54    220     18  316.9  318.9  317.0
  661.0   3592    8.4  -28.6      5   0.55    220     18  316.9  318.9  317.0
  656.0   3655    7.6   -3.4     46   4.56    220     17  316.7  331.6  317.6
  653.0   3693    7.6  -12.4     23   2.27    220     16  317.1  324.8  317.5
  648.0   3756    7.6  -29.4      5   0.52    220     15  317.8  319.7  317.9
  635.0   3923    6.6  -23.4     10   0.92    220     13  318.5  321.8  318.7
  632.0   3962    6.0  -10.0     31   2.84    220     12  318.3  327.8  318.8
  625.0   4053    5.8  -23.2     10   0.95    220     11  319.0  322.5  319.2
  619.0   4131    5.4  -23.5     10   0.93    220     10  319.4  322.8  319.6
  572.0   4773    1.8  -26.2     10   0.79    267      6  322.5  325.4  322.7
  531.0   5371   -0.7  -31.7      7   0.51    311      3  326.5  328.4  326.6
  520.0   5538   -1.7  -28.7     11   0.69    324      2  327.2  329.8  327.4
  516.0   5599   -2.3   -6.7     72   4.51    328      2  327.2  342.6  328.1
  512.0   5661   -2.7   -4.9     85   5.22    333      2  327.5  345.1  328.5
  510.0   5693   -2.9   -5.1     85   5.16    335      1  327.6  345.1  328.6
  506.0   5755   -2.9   -7.9     68   4.19    340      1  328.3  342.7  329.1
  501.0   5834   -2.9   -9.9     59   3.62    265      2  329.2  341.8  330.0
  500.0   5850   -2.9  -13.9     42   2.63    250      2  329.4  338.7  330.0
  499.0   5866   -2.9  -15.9     36   2.23    249      2  329.6  337.6  330.1
  484.0   6107   -4.1  -18.1     33   1.91    226      3  331.0  337.9  331.4
  466.0   6404   -6.7  -14.7     53   2.64    199      5  331.4  340.8  331.9
  462.0   6471   -7.3  -10.8     76   3.65    192      5  331.5  344.2  332.2
  442.0   6814   -9.9  -14.9     67   2.74    160      7  332.4  342.1  333.0
  431.0   7008  -10.3  -12.7     83   3.36    142      8  334.3  346.2  335.0
  430.0   7026  -10.3  -19.3     48   1.94    140      8  334.5  341.6  334.9
  428.0   7062  -10.3  -18.3     52   2.13    136      8  335.0  342.7  335.4
  425.0   7116  -10.7  -16.7     61   2.45    131      9  335.1  344.0  335.6
  423.0   7152  -10.5  -27.5     23   0.95    128      9  335.8  339.5  336.0
  422.0   7171  -10.5  -21.5     40   1.64    126      9  336.1  342.1  336.4
  415.0   7299  -11.5  -19.5     52   1.98    114     10  336.4  343.7  336.8
  412.0   7355  -11.5  -29.5     21   0.81    109     10  337.1  340.2  337.3
  410.0   7392  -11.8  -37.0     10   0.39    105     10  337.1  338.7  337.2
  407.0   7448  -12.3  -48.3      3   0.12    108     11  337.2  337.8  337.3
  400.0   7580  -13.1  -34.1     15   0.54    115     12  337.9  340.0  338.0
  397.0   7637  -13.5  -37.5     11   0.38    117     13  338.1  339.6  338.2
  392.0   7733  -14.5  -30.5     24   0.78    120     14  338.0  341.0  338.2
  385.0   7870  -15.9  -20.5     68   1.96    128     12  337.9  345.1  338.3
  373.0   8108  -17.9  -21.3     75   1.88    142      8  338.3  345.3  338.7
  354.0   8497  -19.7  -23.6     71   1.63    165      1  341.0  347.1  341.3
  336.0   8885  -21.5  -25.8     68   1.40    173      1  343.7  349.0  343.9
  312.0   9427  -26.1  -28.0     84   1.23    184      2  344.6  349.4  344.9
  300.0   9710  -27.7  -31.8     68   0.89    190      2  346.2  349.8  346.4
  271.0  10424  -33.5  -38.7     60   0.50    135     10  348.0  350.1  348.1
  250.0  10990  -38.1  -44.1     53   0.31     55      4  349.3  350.6  349.4
  249.0  11018  -38.3  -45.3     48   0.27     55      4  349.4  350.5  349.4
  212.0  12097  -48.0  -52.0     63   0.15     60      6  350.6  351.3  350.7
  209.0  12193  -48.9  -52.6     65   0.14     62      8  350.7  351.4  350.8
  205.0  12319  -49.9  -53.0     69   0.14     65     10  351.2  351.8  351.2
  204.0  12351  -50.1  -53.1     70   0.14     66     11  351.3  351.9  351.3
  200.0  12480  -50.5  -54.9     59   0.11     70     17  352.6  353.1  352.7
  185.0  12977  -54.6  -59.2     56   0.07     70     30  354.0  354.3  354.0
  172.0  13442  -58.4  -63.3     53   0.04     85     29  355.2  355.4  355.2
  167.0  13630  -59.9  -64.9     52   0.04     85     31  355.6  355.8  355.6
  150.0  14290  -65.9                          85     38  356.4         356.4
  144.0  14531  -68.1                          80     41  356.7         356.7
  119.0  15654  -78.3                          75     42  358.0         358.0
  118.0  15702  -78.6                          75     42  358.2         358.2
  108.0  16198  -82.2                         100     41  360.6         360.6
  100.0  16630  -85.3                          95     40  362.7         362.7
   91.0  17143  -88.2                          85     39  366.9         366.9
   88.0  17326  -89.2                          95     38  368.3         368.3
   84.4  17553  -90.5                         100     42  370.1         370.1
   84.0  17579  -90.4                         100     44  370.9         370.9
   78.0  17979  -88.8                          95     63  382.2         382.2
   76.4  18091  -88.3                          96     62  385.4         385.4
   74.2  18252  -82.9                          98     60  400.0         400.0
   71.1  18491  -81.5                         100     58  407.9         407.9
   71.0  18499  -81.2                         100     58  408.7         408.7
   70.0  18580  -78.1                          95     55  417.0         417.0
   66.9  18843  -72.1                          84     42  435.4         435.4
   63.3  19170  -71.3                          70     27  444.1         444.1
   62.0  19291  -71.9                          65     21  445.4         445.4
   56.0  19888  -74.9                          74     28  451.7         451.7
   55.0  19994  -74.6                          75     29  454.7         454.7
   53.0  20210  -74.0                          65     23  460.9         460.9
   50.0  20550  -73.1                         105     18  470.8         470.8
   49.0  20668  -72.9                         125     18  474.0         474.0
   47.0  20912  -72.5                         115     25  480.7         480.7
   45.0  21171  -69.3                         105     32  494.5         494.5
   42.9  21456  -65.7                         112     38  510.1         510.1
   42.0  21587  -65.3                         115     41  514.2         514.2
   36.0  22537  -62.4                          90     49  544.9         544.9
   35.0  22710  -61.8                          80     46  550.7         550.7
   30.0  23660  -58.9                          90     47  583.5         583.5
   29.3  23808  -58.1                          93     48  589.6         589.6
   29.0                                        95     49                     

Station information and sounding indices

                         Station identifier: YPDN
                             Station number: 94120
                           Observation time: 120202/1200
                           Station latitude: -12.41
                          Station longitude: 130.88
                          Station elevation: 30.0
                            Showalter index: 5.86
                               Lifted index: -2.78
    LIFT computed using virtual temperature: -3.61
                                SWEAT index: 115.98
                                    K index: 10.90
                         Cross totals index: 11.90
                      Vertical totals index: 24.90
                        Totals totals index: 36.80
      Convective Available Potential Energy: 1561.13
             CAPE using virtual temperature: 1846.51
                      Convective Inhibition: -106.59
             CINS using virtual temperature: -50.71
                           Equilibrum Level: 115.65
 Equilibrum Level using virtual temperature: 115.54
                   Level of Free Convection: 764.65
             LFCT using virtual temperature: 830.56
                     Bulk Richardson Number: 154.91
          Bulk Richardson Number using CAPV: 183.23
  Temp [K] of the Lifted Condensation Level: 296.21
Pres [hPa] of the Lifted Condensation Level: 939.12
     Mean mixed layer potential temperature: 301.59
              Mean mixed layer mixing ratio: 19.36
              1000 hPa to 500 hPa thickness: 5814.00
Precipitable water [mm] for entire sounding: 40.02

Courtesy of http://weather.uwyo.edu/upperair/sounding.html
