
 71109 YZT Port Hardy Observations at 12Z 02 Feb 2012                                                

 Turbine hub height AGL (m): 270.00
 Turbine blade radius (r)  : 185.00

    H(m)        S(m/s) 
-----------------------
    17.0          8.7
   212.0         14.9
   305.0         17.0
   375.0         15.9
   458.0         14.9
   610.0         13.4
   653.0         13.4
   843.0         14.4
   914.0         15.4
  1219.0         24.7

  height AGL (m)  wind speed (m/s)  rho (kg/m^3)  chord_len (m)   delpower (W)

   445.750           14.906            1.1605        115.53        39016400.00
   427.250           15.791            1.1630        194.91        70174672.00
   408.750           15.832            1.1655        244.73        78531560.00
   390.250           15.874            1.1680        281.18        78983848.00
   371.750           15.916            1.1705        309.01        74187352.00
   353.250           16.796            1.1731        330.42        76450952.00
   334.750           16.847            1.1756        346.60        63076476.00
   316.250           16.898            1.1782        358.25        47093436.00
   297.750           16.948            1.1807        365.81        29176398.00
   279.250           15.486            1.1833        369.54         7510577.50
   260.750           15.361            1.1858        369.54         7346327.00
   242.250           15.236            1.1884        365.81        21335572.00
   223.750           15.112            1.1910        358.25        34048960.00
   205.250           14.987            1.1936        346.60        45082124.00
   186.750           14.182            1.1962        330.42        46930684.00
   168.250           13.644            1.1987        309.01        47863476.00
   149.750           13.105            1.2013        281.18        45710580.00
   131.250           12.566            1.2039        244.73        40563236.00
   112.750           12.028            1.2066        194.91        32172992.00
    94.250           11.489            1.2092        115.53        18617004.00

 power =    903872640.00 Watts
 power =    903872.62 kWatts
 power =    903.87 MegaWatts

